FP_37: 0.08800264603823578
FP_24: 0.0820142739827112
FP_6: 0.08131979039062051
FP_18: 0.07935324012607578
FP_39: 0.07746856958071718
FP_29: 0.07647498778633381
FP_43: 0.07366327073705294
FP_15: 0.07228113847459024
FP_25: 0.07212630177583881
FP_31: 0.07196204877092699
FP_13: 0.07171294616600693
FP_26: 0.07007955860357558
FP_16: 0.06999366427290123
FP_47: 0.06995233862314071
FP_5: 0.06923442128917108
FP_19: 0.06825444039911974
FP_14: 0.06758315105153587
FP_32: 0.06629722468076826
FP_20: 0.0662024634333865
FP_17: 0.0630896382916145
FP_33: 0.063076930314714
FP_36: 0.06190043317108049
FP_46: 0.06109924420102945
FP_0: 0.06014475220210153
FP_30: 0.05929572025073387
FP_38: 0.058687284700267586
FP_48: 0.05814672756749834
FP_35: 0.057940031456537915
FP_8: 0.057772810648336725
FP_45: 0.05656355889124489
FP_4: -0.07548255025428308
FP_7: -0.09619023839355499
FP_40: -0.10325452463888363
FP_42: -0.10691296753042995
FP_28: -0.10740493615749347
FP_12: -0.11068304205452056
FP_27: -0.11191302201176265
FP_3: -0.11329461327286636
FP_9: -0.1140978571940352
FP_1: -0.11473676058037931
FP_34: -0.11514270656748016
FP_2: -0.11568584093565631
FP_10: -0.11731534833165555
FP_23: -0.1179981157858286
FP_49: -0.11897669208579685
FP_44: -0.11935326783485936
FP_21: -0.12007481432766516
FP_11: -0.12049389383033905
FP_22: -0.12152890450494158
FP_41: -0.13431966437086817
